7.175
7.175
7.175
7.175
7.175
7.2
7.2
7.225
7.225
7.225
7.225
7.25
7.25
7.25
7.275
7.3
7.3
7.3
7.3
7.0
7.0
7.0
7.0
7.025
7.025
7.025
7.05
7.05
7.05
7.05
7.05
7.075
7.1
7.1
7.1
7.1
7.125
7.125
7.15
7.15
7.15
7.175
7.175
7.175
7.2
7.2
7.2
7.2
7.2
7.2
7.2
7.25
7.25
7.275
7.275
7.275
7.275
7.3
7.3
7.3
7.325
7.325
7.075
7.075
7.075
7.075
7.075
7.075
7.1
7.125
7.125
7.125
7.125
7.15
7.15
7.15
7.15
7.15
7.15
7.15
7.15
7.15
7.15
7.15
7.15
7.15
7.15
7.175
7.175
7.2
7.2
7.2
7.2
7.2
7.2
7.2
7.2
7.2
7.225
7.225
7.225
7.275
7.275
7.275
7.275
7.3
7.05
7.05
7.05
7.05
7.05
7.05
7.05
7.05
7.05
7.05
7.05
7.05
7.05
7.05
7.05
7.075
7.1
7.1
7.125
7.125
7.125
7.125
7.125
7.125
7.125
7.125
7.15
7.15
7.175
7.175
7.175
7.175
7.175
7.175
7.175
7.175
7.175
7.175
7.175
7.175
7.2
7.2
7.225
7.225
7.25
7.25
7.025
7.025
7.025
7.025
7.025
7.025
7.05
7.05
7.05
7.075
7.075
7.075
7.075
7.1
7.1
7.1
7.1
7.1
7.1
7.1
7.125
7.125
7.125
7.125
7.125
7.125
7.125
7.15
7.15
7.15
7.15
7.15
7.15
7.15
7.15
7.15
7.15
7.15
7.15
7.175
7.175
7.2
7.2
7.0
7.0
7.0
7.0
7.025
7.025
7.025
7.025
7.025
7.025
7.025
7.025
7.025
7.025
7.025
7.025
7.05
7.05
7.075
7.075
7.075
7.1
7.1
7.1
7.1
7.1
7.1
7.1
7.1
7.1
7.1
7.1
7.1
7.1
7.1
7.125
7.125
7.125
7.125
7.125
7.125
7.125
7.15
7.15
7.15
6.975
6.975
6.975
6.975
7.0
7.0
7.0
7.0
7.0
7.0
7.0
7.0
7.0
7.025
7.025
7.025
7.05
7.05
7.05
7.05
7.05
7.05
7.05
7.075
7.075
7.075
7.075
7.075
7.075
7.075
7.075
7.075
7.075
7.1
7.1
7.125
7.125
7.125
7.125
7.125
7.125
7.125
7.125
7.125
7.125
6.95
6.95
6.975
6.975
6.975
6.975
6.975
6.975
6.975
6.975
6.975
6.975
6.975
6.975
6.975
6.975
7.0
7.0
7.0
7.0
7.025
7.05
7.05
7.05
7.05
7.05
7.05
7.05
7.05
7.05
7.05
7.05
7.075
7.075
7.075
7.075
7.075
7.075
7.075
7.075
7.075
7.1
7.1
7.1
6.95
6.95
6.95
6.95
6.95
6.95
6.95
6.95
6.95
6.95
6.975
6.975
6.975
6.975
6.975
6.975
7.0
7.0
7.0
7.0
7.0
7.0
7.0
7.0
7.0
7.0
7.025
7.025
7.025
7.025
7.025
7.05
7.05
7.05
7.05
7.05
7.05
7.05
7.05
7.05
7.075
7.075
7.075
7.075
7.075
7.075
6.9
6.9
6.925
6.925
6.95
6.95
6.95
6.975
6.975
6.975
6.975
6.975
6.975
6.975
6.975
6.975
6.975
6.975
6.975
6.975
6.975
7.0
7.0
7.0
7.0
7.0
7.0
7.0
7.0
7.0
7.0
7.0
7.0
7.025
7.025
7.025
7.025
7.025
7.05
7.05
7.05
7.05
7.075
7.075
7.075
6.925
6.925
6.925
6.925
6.925
6.925
6.95
6.95
6.95
6.95
