20.5
20.525
20.525
20.525
20.6
20.6
20.6
20.6
20.6
20.6
20.6
20.6
20.6
20.625
20.625
20.65
20.675
20.75
20.775
20.85
20.9
20.975
21.025
21.075
21.15
21.2
21.25
21.325
21.425
21.5
21.575
21.65
21.7
21.75
21.85
21.9
21.925
20.325
20.4
20.45
20.525
20.575
20.625
20.7
20.75
20.8
20.875
20.925
21.025
21.05
21.125
21.175
21.225
21.275
21.325
21.425
21.5
21.55
21.6
21.65
21.725
21.775
21.85
21.9
21.975
22.05
22.125
22.125
22.225
22.275
22.325
22.375
22.425
22.475
22.55
22.6
22.625
22.7
22.775
21.25
21.325
21.375
21.425
21.475
21.5
21.55
21.625
21.675
21.725
21.775
21.825
21.9
21.925
21.975
22.025
22.075
22.15
22.175
22.25
22.3
22.375
22.425
22.475
22.525
22.575
22.65
22.7
22.725
22.775
22.85
22.85
22.875
22.875
22.875
22.875
22.875
22.875
22.875
22.875
22.875
22.875
22.875
21.425
21.425
21.425
21.45
21.45
21.45
21.45
21.45
21.5
21.5
21.5
21.5
21.5
21.525
21.525
21.525
21.525
21.525
21.525
21.525
21.525
21.525
21.525
21.525
21.55
21.55
21.55
21.55
21.55
21.575
21.575
21.575
21.575
21.575
21.575
21.575
21.6
21.6
21.6
21.6
21.6
21.6
21.6
21.625
20.35
20.35
20.375
20.375
20.375
20.375
20.375
20.375
20.375
20.4
20.4
20.4
20.4
20.4
20.4
20.4
20.425
20.425
20.45
20.45
20.45
20.45
20.45
20.45
20.45
20.45
20.45
20.45
20.45
20.45
20.475
20.475
20.475
20.475
20.5
20.525
20.525
20.525
20.525
20.525
20.525
20.525
20.525
20.525
19.45
19.45
19.45
19.45
19.45
19.45
19.45
19.45
19.45
19.475
19.475
19.475
19.475
19.475
19.475
19.475
19.475
19.475
19.5
19.5
19.5
19.5
19.525
19.525
19.525
19.525
19.55
19.55
19.55
19.55
19.55
19.55
19.55
19.55
19.55
19.575
19.6
19.6
19.6
19.6
19.6
19.6
19.625
19.625
18.6
18.6
18.6
18.6
18.625
18.625
18.625
18.65
18.65
18.65
18.65
18.65
18.675
18.675
18.675
18.675
18.675
18.7
18.7
18.7
18.7
18.725
18.725
18.725
18.725
18.725
18.725
18.725
18.725
18.725
18.725
18.725
18.725
18.75
18.75
18.75
18.75
18.75
18.75
18.75
18.775
18.775
18.775
18.775
18.775
17.9
17.9
17.9
17.9
17.9
17.925
17.95
17.95
17.95
17.95
17.95
17.95
17.95
17.95
17.95
17.95
17.95
17.95
17.975
17.975
17.975
18.0
18.0
18.0
18.0
18.0
18.0
18.025
18.025
18.025
18.025
18.025
18.025
18.025
18.025
18.025
18.025
18.05
18.05
18.05
18.05
18.05
18.05
17.275
17.275
17.275
17.275
17.275
17.275
17.275
17.275
17.3
17.3
17.3
17.3
17.3
17.3
17.3
17.3
17.3
17.325
17.325
17.325
17.325
17.325
17.325
17.325
17.35
17.35
17.35
17.35
17.35
17.35
17.35
17.35
17.35
17.375
17.375
17.375
17.375
17.375
17.375
17.375
17.4
17.4
17.4
17.4
17.4
16.7
16.7
16.7
16.7
16.7
16.725
16.725
16.725
16.725
16.725
16.725
16.725
16.725
16.725
16.75
16.75
16.75
16.75
16.75
16.75
16.75
16.75
16.75
16.75
16.75
16.75
16.775
16.8
16.8
16.8
16.8
16.8
